{
 "cells": [
  {
   "cell_type": "code",
   "execution_count": 5,
   "metadata": {},
   "outputs": [
    {
     "name": "stdout",
     "output_type": "stream",
     "text": [
      "ff results  [2.98319516 2.37980019 1.94633015 1.61986464 1.36513481 1.16083704\n",
      " 0.99334338 0.85344367 0.77161564 0.70157118 0.64020154 0.58540312\n",
      " 0.5357016  0.49003301]\n",
      "dff results [0.06445427 0.0530335  0.04554615 0.04053654 0.03716339 0.03490033\n",
      " 0.03340086 0.01532905 0.0139117  0.01281273 0.01193828 0.01152231\n",
      " 0.01191288 0.01332476]\n",
      "[[0.00415435 0.00339198 0.00284431 0.00243183 0.00210999 0.00185186\n",
      "  0.00164024 0.00078679 0.00070486 0.00063244 0.000567   0.00050685\n",
      "  0.00045081 0.00039802]\n",
      " [0.00339198 0.00281255 0.0023963  0.0020828  0.00183818 0.001642\n",
      "  0.00148116 0.00064932 0.0005826  0.00052676 0.00047893 0.00043717\n",
      "  0.00040011 0.00036677]\n",
      " [0.00284431 0.0023963  0.00207445 0.00183206 0.00164292 0.00149123\n",
      "  0.00136687 0.00055057 0.00049477 0.00045085 0.00041567 0.00038711\n",
      "  0.00036368 0.00034432]\n",
      " [0.00243183 0.0020828  0.00183206 0.00164321 0.00149586 0.00137769\n",
      "  0.0012808  0.0004762  0.00042863 0.00039368 0.00036802 0.0003494\n",
      "  0.00033625 0.00032741]\n",
      " [0.00210999 0.00183818 0.00164292 0.00149586 0.00138112 0.00128909\n",
      "  0.00121364 0.00041817 0.00037701 0.00034907 0.00033084 0.00031999\n",
      "  0.00031484 0.00031422]\n",
      " [0.00185186 0.001642   0.00149123 0.00137769 0.00128909 0.00121803\n",
      "  0.00115978 0.00037162 0.00033562 0.00031329 0.00030103 0.00029639\n",
      "  0.00029767 0.00030364]\n",
      " [0.00164024 0.00148116 0.00136687 0.0012808  0.00121364 0.00115978\n",
      "  0.00111562 0.00033346 0.00030168 0.00028395 0.00027658 0.00027705\n",
      "  0.0002836  0.00029496]\n",
      " [0.00078679 0.00064932 0.00055057 0.0004762  0.00041817 0.00037162\n",
      "  0.00033346 0.00023498 0.00021075 0.00019046 0.00017306 0.00015785\n",
      "  0.00014435 0.00013219]\n",
      " [0.00070486 0.0005826  0.00049477 0.00042863 0.00037701 0.00033562\n",
      "  0.00030168 0.00021075 0.00019354 0.00017717 0.00016142 0.00014615\n",
      "  0.00013124 0.00011662]\n",
      " [0.00063244 0.00052676 0.00045085 0.00039368 0.00034907 0.00031329\n",
      "  0.00028395 0.00019046 0.00017717 0.00016417 0.00015138 0.00013876\n",
      "  0.00012626 0.00011387]\n",
      " [0.000567   0.00047893 0.00041567 0.00036802 0.00033084 0.00030103\n",
      "  0.00027658 0.00017306 0.00016142 0.00015138 0.00014252 0.00013456\n",
      "  0.00012728 0.00012056]\n",
      " [0.00050685 0.00043717 0.00038711 0.0003494  0.00031999 0.00029639\n",
      "  0.00027705 0.00015785 0.00014615 0.00013876 0.00013456 0.00013276\n",
      "  0.00013284 0.0001344 ]\n",
      " [0.00045081 0.00040011 0.00036368 0.00033625 0.00031484 0.00029767\n",
      "  0.0002836  0.00014435 0.00013124 0.00012626 0.00012728 0.00013284\n",
      "  0.00014192 0.00015378]\n",
      " [0.00039802 0.00036677 0.00034432 0.00032741 0.00031422 0.00030364\n",
      "  0.00029496 0.00013219 0.00011662 0.00011387 0.00012056 0.0001344\n",
      "  0.00015378 0.00017755]]\n"
     ]
    }
   ],
   "source": [
    "import numpy as np \n",
    "import h5py\n",
    "import masses\n",
    "# predict BstoK formfactors and covariance matrix for any choice of reference kineamtics based on HMChPT\n",
    "def ff_E(Evec,pole,coeff):\n",
    "  # construct ff from HMChPT in continuum limit\n",
    "  return [1./(E+pole)*np.sum([E**i*coeff[i] for i in range(len(coeff))]) for E in Evec]\n",
    "def cov_ff_p0(Evec_p,Evec_0,C,Np,N0,pole_p,pole_0):\n",
    "  # construct covariance matrix for ff from HMChPT in continuum limit\n",
    "  Y_E_p_vec   \t= lambda E_p: np.r_[ np.array([1./(E_p+pole_p)*E_p**i for i in range(Np)])]\n",
    "  Y_E_0_vec   \t= lambda E_0: np.r_[ np.array([1./(E_0+pole_0)*E_0**i for i in range(N0)])]\n",
    "  Cpp\t\t= np.array([[np.dot(Y_E_p_vec(E1),np.dot(C[:Np,:Np],Y_E_p_vec(E2)))\n",
    "\t\t\t\t\tfor E1 in Evec_p] for E2 in Evec_p])\n",
    "  C00\t\t= np.array([[np.dot(Y_E_0_vec(E1),np.dot(C[Np:,Np:],Y_E_0_vec(E2)))\n",
    "\t\t\t\t\tfor E1 in Evec_0] for E2 in Evec_0])\n",
    "  Cp0\t\t= np.array([[np.dot(Y_E_p_vec(E1),np.dot(C[:Np:,Np:],Y_E_0_vec(E2)))\n",
    "\t\t\t\t\tfor E1 in Evec_p] for E2 in Evec_0])\n",
    "  M0\t\t= np.r_['-1',Cpp  ,Cp0.T]\n",
    "  M1\t\t= np.r_['-1',Cp0  ,C00  ]\n",
    "  M\t\t= np.r_[M0,M1]\n",
    "  return M\n",
    "\n",
    "# define kinematics\n",
    "mKphys\t\t= masses.mK\n",
    "mBsphys\t\t= masses.mBs\n",
    "#\n",
    "qsq_refK\t= np.array(np.linspace(23.5,17.5,7))#np.array([23.7283556,22.11456,20.07895,17.5000000]) # you can choose this freely np.array(np.linspace(23.5,17.5,7))\n",
    "#\n",
    "ksq_refK \t= (mBsphys**4+(mKphys**2-qsq_refK)**2-2*mBsphys**2*(mKphys**2+qsq_refK))/(4*mBsphys**2)\n",
    "ErefK \t \t= np.sqrt(mKphys**2+ksq_refK)\n",
    "Deltapar\t= + 0.263\n",
    "Deltaperp\t= - 0.0416\n",
    "\n",
    "\n",
    "f=h5py.File('BstoK_ref_ff_dat.hdf5','r')\n",
    "cp_BstoK=np.array(f.get('cp'))\n",
    "c0_BstoK=np.array(f.get('c0'))\n",
    "Cp0_BstoK=np.array(f.get('Cp0'))\n",
    "fp_BstoK \t= np.array(ff_E(ErefK,Deltaperp,cp_BstoK))\n",
    "f0_BstoK \t= np.array(ff_E(ErefK,Deltapar ,c0_BstoK))\n",
    "ff_ref\t\t= np.r_[ fp_BstoK, f0_BstoK]\n",
    "Cp0_ref \t= cov_ff_p0(ErefK,ErefK,Cp0_BstoK,2,3,Deltaperp,Deltapar)\n",
    "# some IO\n",
    "print('ff results ',np.r_[fp_BstoK,f0_BstoK])\n",
    "print('dff results',np.sqrt(np.diag(Cp0_ref)))\n",
    "print(Cp0_ref)"
   ]
  },
  {
   "cell_type": "code",
   "execution_count": null,
   "metadata": {},
   "outputs": [],
   "source": []
  }
 ],
 "metadata": {
  "kernelspec": {
   "display_name": "Python 3",
   "language": "python",
   "name": "python3"
  },
  "language_info": {
   "codemirror_mode": {
    "name": "ipython",
    "version": 3
   },
   "file_extension": ".py",
   "mimetype": "text/x-python",
   "name": "python",
   "nbconvert_exporter": "python",
   "pygments_lexer": "ipython3",
   "version": "3.8.5"
  }
 },
 "nbformat": 4,
 "nbformat_minor": 4
}
